{
  "Name": "力霸天",
  "LastUpdateTime": "\/Date(1369882402614+0800)\/",
  "Person": {
    "TotalROI": 0.100000024,
    "CurrentROI": 0.100000024,
    "TotalYield": 0.0500000119,
    "CurrentYield": 0.0500000119,
    "Total": 2,
    "Profit": 0.0,
    "Win": 1,
    "WinHalf": 0,
    "Lose": 1,
    "LoseHalf": 0,
    "Draw": 0,
    "Name": "力霸天"
  }
}