{
  "Name": "蓝天火",
  "LastUpdateTime": "\/Date(1369882414700+0800)\/",
  "Person": {
    "TotalROI": -0.0600000024,
    "CurrentROI": -0.0600000024,
    "TotalYield": -0.0200000014,
    "CurrentYield": -0.0200000014,
    "Total": 3,
    "Profit": 0.0,
    "Win": 1,
    "WinHalf": 0,
    "Lose": 1,
    "LoseHalf": 0,
    "Draw": 0,
    "Name": "蓝天火"
  }
}