{
  "Name": "四爷",
  "LastUpdateTime": "\/Date(1369882403513+0800)\/",
  "Person": {
    "TotalROI": -0.0500000119,
    "CurrentROI": -0.0500000119,
    "TotalYield": -0.0166666713,
    "CurrentYield": -0.0166666713,
    "Total": 3,
    "Profit": 0.0,
    "Win": 1,
    "WinHalf": 0,
    "Lose": 1,
    "LoseHalf": 0,
    "Draw": 0,
    "Name": "四爷"
  }
}