{
  "Name": "dfyj1111",
  "LastUpdateTime": "\/Date(1369882389628+0800)\/",
  "Person": {
    "TotalROI": -0.139999986,
    "CurrentROI": -0.139999986,
    "TotalYield": -0.0466666631,
    "CurrentYield": -0.0466666631,
    "Total": 3,
    "Profit": 0.0,
    "Win": 1,
    "WinHalf": 0,
    "Lose": 1,
    "LoseHalf": 0,
    "Draw": 0,
    "Name": "dfyj1111"
  }
}